# Dynamic Scenario 1 benchmark — scenario=dynamic-scenario-1 seed=ds1-benchmark lifecycle=ON completed=32/32

## A. 市場別 構造需要 vs 実現対象需要（HOSO換算トン、比=実現/構造）
turn	CN_構造	CN_実現	CN_比	US_構造	US_実現	US_比	EU_構造	EU_実現	EU_比	JP_構造	JP_実現	JP_比	OTHER_構造	OTHER_実現	OTHER_比
1	380000	67553	0.178	320000	41463	0.130	260000	32750	0.126	90000	13072	0.145	150000	20050	0.134
8	432600	63854	0.148	345050	50324	0.146	272950	35009	0.128	98880	11845	0.120	160680	20887	0.130
16	586560	85415	0.146	395200	61158	0.155	301600	42577	0.141	108160	14787	0.137	171600	24571	0.143
20	374400	31847	0.085	300300	24604	0.082	228540	15929	0.070	81900	5233	0.064	218300	26289	0.120
24	728000	109125	0.150	448000	67802	0.151	336000	45818	0.136	118720	15185	0.128	244070	34632	0.142
28	665998	62221	0.093	432600	40744	0.094	321360	26556	0.083	113300	9490	0.084	206000	18172	0.088
32	672000	108158	0.161	440000	73220	0.166	325000	50393	0.155	115000	17861	0.155	210000	32816	0.156

## B. 追跡対象セル（構造 / 実現）
指標	系列	T1	T8	T16	T20	T24	T28	T32
Japan total	構造	90000	98880	108160	81900	118720	113300	115000
Japan total	実現	13072	11845	14787	5233	15185	9490	17861
Japan VAP	構造	9000	11170	33990	26208	37990	36256	36800
Japan VAP	実現	1307	2564	4732	1659	4731	2968	5601
Others PD	構造	30000	34386	39468	74427	87865	74160	75600
Others PD	実現	4010	4473	5742	9523	12688	6641	11972
Others VAP	構造	4500	5945	7722	45877	58577	49440	50400
Others VAP	実現	601	934	1721	6250	8092	4262	7717
China HOSO	構造	357960	404481	543741	345571	669032	534580	386455
China HOSO	実現	63635	59517	79048	29353	100334	51567	70862
China PD	構造	19000	23144	33727	22277	44772	92128	194829
China PD	実現	3378	3419	4964	1926	6800	9237	29353
China VAP	構造	3040	4975	9092	6552	14196	39290	90716
China VAP	実現	540	918	1404	567	1990	1417	7944

## C. 市場ウェイト（実現対象需要の構成比、%）
turn	CN	US	EU	JP	OTHER
1	38.6	23.7	18.7	7.5	11.5
8	35.1	27.7	19.2	6.5	11.5
16	37.4	26.8	18.6	6.5	10.8
20	30.7	23.7	15.3	5.0	25.3
24	40.0	24.9	16.8	5.6	12.7
28	39.6	25.9	16.9	6.0	11.6
32	38.3	25.9	17.8	6.3	11.6

## D. Crowding 診断（市場×商品）
turn	mkt	prod	構造需要	対象需要	5社提示	5社成約	外部供給	供給/需要	実現価格	5社シェア%	最大社/5社%	成約社数	未充足提示
1	CN	hoso	357960	63635	13085	13085	50550	1.00	4.443	20.6	27.6	5	0
1	CN	pd	19000	3378	2002	2002	1376	1.00	5.110	59.3	22.8	5	0
1	CN	vap	3040	540	1122	485	55	2.18	5.766	89.8	20.2	5	637
1	US	hoso	204800	26537	7486	7486	19050	1.00	4.488	28.2	27.6	5	0
1	US	pd	96000	12439	10115	10115	2324	1.00	5.205	81.3	22.8	5	0
1	US	vap	19200	2488	7088	2243	245	2.95	5.992	90.1	20.0	5	4845
1	EU	hoso	179400	22597	6558	6558	16040	1.00	4.533	29.0	27.6	5	0
1	EU	pd	67600	8515	7123	7123	1392	1.00	5.293	83.6	22.8	5	0
1	EU	vap	13000	1637	4799	1474	163	3.03	6.168	90.0	20.0	5	3325
1	JP	hoso	50400	7320	1842	1842	5478	1.00	4.555	25.2	27.6	5	0
1	JP	pd	30600	4445	3224	3224	1220	1.00	5.334	72.5	22.8	5	0
1	JP	vap	9000	1307	3322	1173	135	2.64	6.259	89.7	20.0	5	2150
1	OTHER	hoso	115500	15438	4222	4222	11216	1.00	4.420	27.3	27.6	5	0
1	OTHER	pd	30000	4010	3161	3161	849	1.00	5.095	78.8	22.8	5	0
1	OTHER	vap	4500	601	1661	539	62	2.87	5.765	89.6	20.0	5	1122
8	CN	hoso	404481	59517	9056	9056	50461	1.00	6.533	15.2	41.1	3	0
8	CN	pd	23144	3419	1426	1426	1993	1.00	7.573	41.7	35.1	3	0
8	CN	vap	4975	918	872	773	145	1.11	8.696	84.2	34.9	3	99
8	US	hoso	213586	30629	5022	5022	25607	1.00	6.538	16.4	41.1	3	0
8	US	pd	108346	15843	7098	7098	8745	1.00	7.646	44.8	35.1	3	0
8	US	vap	23118	3853	4231	3280	573	1.25	8.981	85.1	33.5	3	951
8	EU	hoso	182604	23145	3846	3846	19299	1.00	6.543	16.6	41.1	3	0
8	EU	pd	74788	9561	4424	4424	5137	1.00	7.707	46.3	35.1	3	0
8	EU	vap	15558	2304	2632	1956	347	1.29	9.176	84.9	33.5	3	676
8	JP	hoso	51687	4750	905	905	3845	1.00	6.514	19.0	41.1	3	0
8	JP	pd	36023	4531	1909	1909	2622	1.00	7.694	42.1	35.1	3	0
8	JP	vap	11170	2564	2072	2072	492	1.00	9.235	80.8	39.1	3	0
8	OTHER	hoso	120349	15479	2610	2610	12869	1.00	6.381	16.9	41.1	3	0
8	OTHER	pd	34386	4473	2061	2061	2413	1.00	7.413	46.1	35.1	3	0
8	OTHER	vap	5945	934	1022	789	146	1.25	8.540	84.4	33.5	3	233
16	CN	hoso	543741	79048	16526	16526	62522	1.00	5.541	20.9	39.3	3	0
16	CN	pd	33727	4964	1660	1660	3304	1.00	6.506	33.4	36.1	3	0
16	CN	vap	9092	1404	735	735	668	1.00	8.204	52.4	37.1	3	0
16	US	hoso	190502	26065	5752	5752	20314	1.00	5.545	22.1	39.3	3	0
16	US	pd	152105	24121	7613	7613	16508	1.00	6.574	31.6	36.1	3	0
16	US	vap	52593	10971	5002	5002	5969	1.00	8.592	45.6	37.1	3	0
16	EU	hoso	181854	24434	5686	5686	18749	1.00	5.549	23.3	39.3	3	0
16	EU	pd	98020	14326	4993	4993	9333	1.00	6.630	34.9	36.1	3	0
16	EU	vap	21726	3816	2082	2082	1734	1.00	8.852	54.5	37.1	3	0
16	JP	hoso	28742	3845	854	854	2991	1.00	5.524	22.2	39.3	3	0
16	JP	pd	45427	6211	2295	2295	3916	1.00	6.621	37.0	36.1	3	0
16	JP	vap	33990	4732	2996	2996	1736	1.00	8.950	63.3	37.1	3	0
16	OTHER	hoso	124410	17108	3759	3759	13349	1.00	5.411	22.0	39.3	3	0
16	OTHER	pd	39468	5742	1935	1935	3808	1.00	6.370	33.7	36.1	3	0
16	OTHER	vap	7722	1721	625	625	1097	1.00	8.073	36.3	37.1	3	0
20	CN	hoso	345571	29353	13268	13268	16085	1.00	3.500	45.2	37.9	3	0
20	CN	pd	22277	1926	671	671	1256	1.00	4.073	34.8	36.1	3	0
20	CN	vap	6552	567	323	323	244	1.00	5.305	56.9	40.5	3	0
20	US	hoso	113136	8974	4923	4923	4051	1.00	3.503	54.9	37.9	3	0
20	US	pd	120120	9895	4047	4047	5848	1.00	4.113	40.9	36.1	3	0
20	US	vap	67044	5735	3747	3747	1987	1.00	5.578	65.3	40.4	3	0
20	EU	hoso	121147	8193	4981	4981	3212	1.00	3.505	60.8	37.9	3	0
20	EU	pd	81225	5750	2615	2615	3136	1.00	4.146	45.5	36.1	3	0
20	EU	vap	26168	1985	1426	1426	559	1.00	5.759	71.8	40.4	3	0
20	JP	hoso	21294	1360	807	807	553	1.00	3.490	59.3	37.9	3	0
20	JP	pd	34398	2213	1055	1055	1159	1.00	4.140	47.7	36.1	3	0
20	JP	vap	26208	1659	1473	1400	259	1.04	5.831	84.4	37.3	3	74
20	OTHER	hoso	97996	10516	6864	6864	3653	1.00	3.418	65.3	37.9	3	0
20	OTHER	pd	74427	9523	3381	3381	6142	1.00	3.987	35.5	36.1	3	0
20	OTHER	vap	45877	6250	2984	2984	3266	1.00	5.223	47.7	40.5	3	0
24	CN	hoso	669032	100334	25793	25793	74541	1.00	6.362	25.7	34.1	3	0
24	CN	pd	44772	6800	1593	1593	5207	1.00	7.607	23.4	36.7	3	0
24	CN	vap	14196	1990	518	518	1472	1.00	10.658	26.0	43.0	3	0
24	US	hoso	161280	24409	7900	7900	16508	1.00	6.367	32.4	34.1	3	0
24	US	pd	179200	27552	8313	8313	19239	1.00	7.694	30.2	36.7	3	0
24	US	vap	107520	15842	5657	5657	10185	1.00	11.322	35.7	43.0	3	0
24	EU	hoso	163445	22839	7176	7176	15663	1.00	6.372	31.4	34.1	3	0
24	EU	pd	120960	16666	4874	4874	11792	1.00	7.766	29.2	36.7	3	0
24	EU	vap	51595	6313	2168	2168	4145	1.00	11.759	34.3	43.0	3	0
24	JP	hoso	30867	3948	1215	1215	2733	1.00	6.343	30.8	34.1	3	0
24	JP	pd	49862	6506	1892	1892	4614	1.00	7.757	29.1	36.7	3	0
24	JP	vap	37990	4731	1717	1717	3014	1.00	11.943	36.3	43.0	3	0
24	OTHER	hoso	97628	13853	4811	4811	9042	1.00	6.214	34.7	34.1	3	0
24	OTHER	pd	87865	12688	4070	4070	8618	1.00	7.450	32.1	36.7	3	0
24	OTHER	vap	58577	8092	2927	2927	5165	1.00	10.511	36.2	43.0	3	0
28	CN	hoso	534580	51567	29550	29550	22017	1.00	6.860	57.3	38.8	3	0
28	CN	pd	92128	9237	2442	2442	6795	1.00	8.227	26.4	44.1	3	0
28	CN	vap	39290	1417	656	656	761	1.00	11.345	46.3	50.6	3	0
28	US	hoso	155736	14668	8953	8953	5715	1.00	6.865	61.0	38.8	3	0
28	US	pd	173040	16520	9375	9375	7145	1.00	8.322	56.7	44.1	3	0
28	US	vap	103824	9556	6557	6557	2999	1.00	12.029	68.6	50.6	3	0
28	EU	hoso	154253	12750	8238	8238	4512	1.00	6.870	64.6	38.8	3	0
28	EU	pd	115690	9657	5762	5762	3895	1.00	8.400	59.7	44.1	3	0
28	EU	vap	51418	4149	2952	2911	1239	1.01	12.481	70.1	49.9	3	42
28	JP	hoso	29458	2467	1484	1484	984	1.00	6.840	60.1	38.8	3	0
28	JP	pd	47586	4055	2299	2299	1756	1.00	8.391	56.7	44.1	3	0
28	JP	vap	36256	2968	2136	2094	874	1.01	12.670	70.6	49.6	3	42
28	OTHER	hoso	82400	7269	4593	4593	2676	1.00	6.700	63.2	38.8	3	0
28	OTHER	pd	74160	6641	3868	3868	2773	1.00	8.056	58.2	44.1	3	0
28	OTHER	vap	49440	4262	2865	2865	1397	1.00	11.186	67.2	50.6	3	0
32	CN	hoso	386455	70862	25124	25124	45738	1.00	6.468	35.5	33.6	3	0
32	CN	pd	194829	29353	5386	5386	23967	1.00	7.977	18.3	37.9	3	0
32	CN	vap	90716	7944	1505	1505	6439	1.00	11.536	18.9	43.6	3	0
32	US	hoso	158400	26359	8682	8682	17678	1.00	6.473	32.9	33.6	3	0
32	US	pd	176000	29642	6881	6881	22761	1.00	8.081	23.2	37.9	3	0
32	US	vap	105600	17219	5307	5307	11912	1.00	12.312	30.8	43.6	3	0
32	EU	hoso	156000	24188	7880	7880	16308	1.00	6.478	32.6	33.6	3	0
32	EU	pd	117000	18304	4250	4250	14054	1.00	8.167	23.2	37.9	3	0
32	EU	vap	52000	7901	2518	2518	5382	1.00	12.824	31.9	43.6	3	0
32	JP	hoso	29900	4644	1521	1521	3123	1.00	6.449	32.8	33.6	3	0
32	JP	pd	48300	7617	1784	1784	5832	1.00	8.162	23.4	37.9	3	0
32	JP	vap	36800	5601	1838	1838	3763	1.00	13.045	32.8	43.6	3	0
32	OTHER	hoso	84000	13127	4444	4444	8683	1.00	6.317	33.9	33.6	3	0
32	OTHER	pd	75600	11972	2827	2827	9145	1.00	7.815	23.6	37.9	3	0
32	OTHER	vap	50400	7717	2301	2301	5416	1.00	11.386	29.8	43.6	3	0

## E. 5社 vs 外部供給者（全市場×商品の合計）
turn	対象需要	5社提示	5社成約	外部供給	5社シェア%	外部シェア%
1	174888	76810	64731	110157	37.0	63.0
2	227550	71629	59941	167609	26.3	73.7
3	243013	76394	67972	175041	28.0	72.0
4	256918	75922	71355	185563	27.8	72.2
5	246600	69760	67083	179517	27.2	72.8
6	235079	60381	58110	176970	24.7	75.3
7	223610	46032	45666	177944	20.4	79.6
8	181920	49186	47228	134692	26.0	74.0
9	145614	50691	46849	98765	32.2	67.8
10	119712	50691	46393	73319	38.8	61.2
11	120269	50302	45508	74761	37.8	62.2
12	149303	50302	48160	101143	32.3	67.7
13	225814	53200	52518	173296	23.3	76.7
14	223182	60800	60800	162382	27.2	72.8
15	232668	62232	62232	170436	26.7	73.3
16	228508	62512	62512	165996	27.4	72.6
17	108453	67327	63916	44537	58.9	41.1
18	100123	68538	64447	35676	64.4	35.6
19	97195	56938	56071	41123	57.7	42.3
20	103900	52565	52491	51409	50.5	49.5
21	177187	45925	45925	131262	25.9	74.1
22	222300	43638	43638	178662	19.6	80.4
23	247649	76302	76302	171347	30.8	69.2
24	272561	80625	80625	191936	29.6	70.4
25	313887	84952	84952	228935	27.1	72.9
26	231649	89114	89114	142535	38.5	61.5
27	248824	90223	90223	158601	36.3	63.7
28	157183	91729	91646	65537	58.3	41.7
29	172282	92473	92440	79841	53.7	46.3
30	168723	80227	80227	88496	47.5	52.5
31	231563	82869	82869	148694	35.8	64.2
32	282449	82247	82247	200202	29.1	70.9

## F. 原料・価格（全32ターン）
turn	VN国内価格	VN供給	VN取引量	未売却	VN_FOB	IN_FOB	EC_FOB
1	3.397	476471	371532	104938	4.480	4.200	4.917
2	2.684	489146	311272	177874	3.836	3.818	4.310
3	2.640	491234	359471	131762	3.646	3.639	4.293
4	2.616	493321	347182	146139	3.655	3.603	4.087
5	2.911	473869	358598	115271	3.936	3.729	4.259
6	3.074	459643	328786	130857	4.197	3.804	4.383
7	4.586	230243	230243	0	5.036	3.933	4.563
8	5.400	231205	231205	0	6.043	4.200	4.776
9	5.889	232046	220780	11266	6.971	4.378	5.014
10	6.066	232888	213188	19700	7.263	4.462	5.239
11	5.024	304168	211882	92286	6.623	4.471	5.221
12	4.223	383822	252361	131461	5.728	4.562	5.193
13	4.658	344237	313639	30598	5.690	4.441	5.013
14	3.957	456909	300185	156724	5.397	4.269	4.921
15	3.537	559191	335224	223967	4.985	4.100	4.449
16	3.837	493835	353746	140089	5.126	3.862	4.275
17	3.159	349160	265314	83846	4.228	3.090	3.420
18	2.549	463421	292359	171062	3.674	2.732	2.825
19	2.250	567132	311212	255921	3.360	2.510	2.714
20	2.250	500824	316320	184503	3.238	2.409	2.594
21	3.303	354084	354084	0	3.885	2.858	3.113
22	3.604	469932	383471	86461	4.662	3.430	3.736
23	4.058	575074	424395	150679	5.349	4.116	4.483
24	4.584	507812	396530	111282	5.885	4.939	5.299
25	6.139	359007	359007	0	7.062	5.490	5.399
26	4.417	476444	257589	218855	6.268	4.908	5.304
27	5.192	500707	358645	142062	6.776	4.222	4.748
28	4.778	442122	303569	138553	6.346	4.183	4.737
29	5.830	312552	312552	0	6.707	4.449	4.870
30	4.567	448865	249005	199860	6.427	4.596	5.844
31	4.089	590956	323366	267590	5.819	4.585	5.867
32	4.485	521788	358514	163274	5.984	4.642	5.587

## G. 会社別 累計営業利益 / 期末現金 / 期末自己資本 / 累計成約量
company	累計営業利益	期末現金	期末自己資本	累計成約量
BAL	1,056,766,170	568,260,173	976,824,065	678,156
MASS	-219,001,321	-76,055,000	-161,257,067	74,194
JPQ	866,720,881	496,853,203	795,721,903	627,302
VAP	-211,872,561	-81,726,000	-144,745,359	68,346
CONSV	844,738,200	485,421,755	774,843,184	636,189

## H. 会社×ターン 詳細（全32ターン）
turn	company	成約量	成約単価	履行量	受注残	国内買付	国内買付単価	輸入到着	原料在庫	HOSO生産	PD生産	VAP生産	完成品在庫	原料不足	設備稼働率	労働稼働率	残業率	営業利益	現金	有利子負債	品質(PD)	顧客信頼(平均)
1	BAL	12553	4.940	13289	2364	12855	3.397	0	0	6296	5509	3935	2452	1245	0.618	1.000	0.000	4005127	37413243	50637500	82.3	50.6
1	MASS	14912	4.830	15382	3130	12000	3.397	0	0	10186	4015	2677	1496	1810	0.663	1.000	0.000	-1201385	10336103	77750000	82.3	50.6
1	JPQ	12864	4.960	11982	2782	10920	3.397	0	0	4016	6783	2510	1327	4535	0.523	1.000	0.045	2112937	11342789	31300000	82.0	50.6
1	VAP	11219	4.930	8167	4703	8800	3.397	0	0	1032	5091	5091	3048	5800	0.441	1.000	0.012	3523387	17255343	43500000	82.2	50.6
1	CONSV	13183	4.930	13866	717	11957	3.397	0	0	6783	5935	2114	966	1288	0.583	1.000	0.050	3076830	7294142	10420000	82.0	50.6
2	BAL	11084	4.290	13374	74	10667	2.684	0	431	6788	5826	2705	4397	0	0.602	1.000	0.000	116089	27265772	49137500	80.0	52.7
2	MASS	13980	4.220	9061	8049	3043	2.684	0	0	5044	2522	0	0	10438	0.297	1.000	0.000	-7548902	30876908	75500000	80.3	52.8
2	JPQ	11339	4.320	13286	835	8121	2.684	0	0	6254	5862	0	157	4350	0.475	0.965	0.018	1604961	24826874	46542187	80.7	52.8
2	VAP	9741	4.310	10686	3758	5080	2.684	0	0	6780	1721	0	862	5405	0.334	1.000	0.000	-3863529	12264149	42000000	80.3	52.7
2	CONSV	13796	4.300	12372	2142	6285	2.684	0	0	6793	4613	0	0	3924	0.448	1.000	0.023	-484277	41465496	34793781	80.0	52.7
3	BAL	13368	4.270	13442	0	8527	2.640	2565	2568	6787	5065	2193	5001	0	0.552	1.000	0.000	-4769100	18773678	48563186	78.2	54.7
3	MASS	16254	4.250	16165	8139	11502	2.640	2822	0	9438	4719	2007	0	1247	0.636	1.000	0.000	-4352331	659500	73250000	78.0	54.7
3	JPQ	14152	4.370	13222	1766	9249	2.640	2693	467	6787	4153	3365	1240	2225	0.579	0.994	0.021	-3945525	19105111	45542187	73.9	53.6
3	VAP	10198	4.270	10685	3271	4569	2.640	2565	0	5919	3904	0	0	4500	0.386	1.000	0.000	-9668636	13727696	40500000	78.1	54.7
3	CONSV	14000	4.350	13942	2200	10881	2.640	2437	4406	5968	5109	2909	44	0	0.550	1.000	0.048	-2077609	13556324	34393781	77.9	54.6
4	BAL	14891	4.280	14891	0	7245	2.616	2315	3482	6707	5229	1635	3680	0	0.540	1.000	0.000	-3413674	16717201	50539351	76.7	56.5
4	MASS	14625	4.240	7510	15254	250	2.616	2708	0	4370	2185	955	0	10061	0.295	1.000	0.000	-11452282	24634591	71000000	76.5	56.3
4	JPQ	15296	4.380	14772	2289	7236	2.616	2545	0	5105	6779	2197	549	2425	0.553	1.000	0.000	-621313	15254427	44542187	73.0	55.5
4	VAP	12327	4.380	9700	5898	5199	2.616	2096	0	4131	3098	2471	0	6541	0.380	0.964	0.024	-5618824	10113666	39000000	77.2	56.6
4	CONSV	14215	4.360	14930	1486	8400	2.616	2311	4848	6781	5934	2622	452	0	0.603	1.000	0.018	772685	19518494	46036182	76.3	56.5
5	BAL	12487	4.630	12487	0	5207	2.911	2123	3728	5495	4885	1808	3381	0	0.479	1.000	0.000	967706	5652043	31768946	75.5	56.8
5	MASS	14423	4.560	12116	17561	9415	2.911	2635	0	7079	3540	1497	0	5333	0.477	1.000	0.000	-6109763	0	71149714	75.0	56.7
5	JPQ	13484	4.730	13764	2010	7642	2.911	2561	0	6709	6714	0	209	2497	0.527	1.000	0.000	400689	12065833	35982215	72.9	57.3
5	VAP	12330	4.720	8200	10028	3865	2.911	2159	0	3474	2605	2120	0	8374	0.321	0.944	0.032	-6789348	0	30466970	76.8	58.5
5	CONSV	14360	4.610	15845	0	10477	2.911	2424	4971	10072	5939	1816	2434	0	0.701	0.995	0.016	5779013	12245190	50710815	75.2	58.2
6	BAL	12286	5.120	12286	0	3200	3.074	2077	2223	4657	4324	2901	2978	0	0.467	1.000	0.000	5449416	31063036	49991995	74.6	58.5
6	MASS	0	0.000	6228	11334	0	3.074	2645	0	3914	1957	357	0	10046	0.245	1.000	0.000	-10023970	0	55574591	74.1	54.1
6	JPQ	15704	5.090	14049	3665	8006	3.074	2493	0	2932	6780	4238	111	3883	0.549	1.000	0.045	6585127	2457778	29975293	72.3	58.9
6	VAP	12531	5.120	4076	18482	0	3.074	2499	0	1825	1369	883	0	12523	0.159	0.893	0.032	-9468115	7304392	28966970	76.8	58.5
6	CONSV	17589	4.960	17589	0	8307	3.074	2384	3274	9537	5609	2241	2232	0	0.684	1.000	0.027	10658230	-51748	40408464	74.2	59.8
7	BAL	16662	6.200	16028	634	5468	4.586	1843	1460	5294	4618	3235	96	2766	0.517	1.000	0.068	18221534	21346372	48199205	73.4	60.0
7	MASS	0	0.000	2612	8722	0	4.586	2634	0	1811	766	35	0	10879	0.103	1.000	0.000	-10579266	0	49729488	73.3	54.4
7	JPQ	15264	6.220	10878	8051	5388	4.586	2402	0	6780	0	4093	105	6840	0.427	0.986	0.045	845833	36830813	53710666	72.3	60.5
7	VAP	0	0.000	4834	13649	2376	4.586	2565	0	2172	1547	1115	0	11123	0.193	0.948	0.018	-12679476	-314975	35735401	75.5	54.4
7	CONSV	13739	6.020	13739	0	5285	4.586	2730	0	7767	5242	2136	3639	1959	0.595	0.988	0.010	13599257	46574420	69364948	73.7	61.4
8	BAL	15792	7.420	15158	1268	8833	5.400	1827	1279	6156	5930	3189	212	0	0.625	1.000	0.036	20332483	43970645	70072580	72.6	59.7
8	MASS	0	0.000	2428	6294	0	5.400	2449	0	1719	701	8	0	7187	0.096	1.000	0.000	-9878114	-853977	53814377	72.6	54.7
8	JPQ	14667	7.470	15891	6827	8031	5.400	2693	0	6780	6780	2224	0	2031	0.621	1.000	0.045	14189663	4458924	52710666	71.8	62.0
8	VAP	0	0.000	4255	9394	0	5.400	2565	0	1897	1429	928	0	10986	0.167	1.000	0.000	-8530692	0	42291892	74.4	54.6
8	CONSV	16769	7.280	16721	47	8537	5.400	2793	0	8440	4715	2511	2584	1684	0.644	0.982	0.035	22584817	14595412	53984019	69.8	62.1
9	BAL	15124	8.520	15120	1272	10896	5.889	2406	3391	6782	5934	3189	997	0	0.625	1.000	0.036	35139979	46568805	78572179	72.0	61.3
9	MASS	0	0.000	2010	4284	0	5.889	2027	0	1427	579	4	0	5117	0.079	1.000	0.000	-9339846	0	57565487	72.1	55.0
9	JPQ	14113	8.590	11507	9433	5556	5.889	2693	0	4644	4679	2184	0	5671	0.451	0.941	0.045	18113702	54756940	72511936	72.0	63.2
9	VAP	0	0.000	2430	6964	0	5.889	2451	0	1076	832	522	0	8432	0.096	1.000	0.000	-9961496	0	42380930	73.5	54.8
9	CONSV	17612	8.350	16793	866	8662	5.889	2609	0	7421	4329	3389	929	4393	0.595	1.000	0.045	37300498	59003150	80287085	69.8	63.1
10	BAL	14973	8.860	14969	1276	9908	6.066	2565	4875	6782	5934	3168	1913	0	0.625	1.000	0.030	40321398	48212240	69130497	71.7	62.7
10	MASS	0	0.000	1433	2851	0	6.066	1445	0	1018	413	3	0	3542	0.056	1.000	0.000	-8495713	0	56447031	71.7	55.2
10	JPQ	13947	8.930	15163	8216	9298	6.066	2693	0	5992	6001	3609	439	2081	0.614	0.992	0.045	34982213	25407260	60276671	71.6	64.5
10	VAP	0	0.000	2272	4692	0	6.066	2291	0	1004	780	487	0	5523	0.089	1.000	0.000	-9351397	0	46736398	72.8	55.0
10	CONSV	17474	8.690	18173	167	13982	6.066	2779	3440	10162	5928	2255	1100	0	0.722	1.000	0.045	44803867	64182247	91287218	69.6	64.4
11	BAL	13632	8.100	14752	156	9342	5.024	2565	5942	6780	5387	3188	2515	0	0.625	1.000	0.036	25226944	87645382	77415113	66.4	62.8
11	MASS	0	0.000	0	2851	0	5.024	0	0	0	0	0	0	3353	0.000	0.000	0.000	-6936625	0	56601165	71.7	55.2
11	JPQ	14169	8.180	16053	6332	10406	5.024	2693	0	6783	6783	3123	1073	1127	0.656	1.000	0.020	41772303	63635318	72262378	71.3	65.8
11	VAP	0	0.000	1619	3074	0	5.024	1632	0	716	556	347	0	3855	0.064	1.000	0.000	-8631246	0	44216313	72.3	55.3
11	CONSV	17706	7.960	17873	0	12133	5.024	2950	4607	10177	5937	2729	2069	0	0.741	1.000	0.015	35671534	78835001	70954083	69.6	65.7
12	BAL	14882	7.020	15038	0	7969	4.223	2535	5685	6784	5936	3110	3307	0	0.622	1.000	0.014	16976663	83851506	49065573	66.7	64.2
12	MASS	0	0.000	0	2851	0	4.223	0	0	0	0	0	0	2851	0.000	0.000	0.000	-6605625	-3890000	56601165	71.7	55.2
12	JPQ	14962	7.190	16857	4437	11952	4.223	2693	1729	6788	6788	3380	1172	0	0.666	1.000	0.000	34788494	83571977	71262378	71.3	66.9
12	VAP	0	0.000	0	3074	0	4.223	0	0	0	0	0	0	3640	0.000	0.000	0.000	-7138437	0	42937648	72.3	55.3
12	CONSV	18317	6.970	18317	0	11450	4.223	2949	5217	10178	5937	2722	2590	0	0.740	1.000	0.013	25997517	104962467	70554083	69.7	66.8
13	BAL	17318	7.290	16978	339	8960	4.658	2565	6369	6780	5933	3188	2230	0	0.625	1.000	0.036	28604831	76145188	32698880	67.0	65.4
13	MASS	0	0.000	0	2851	0	4.658	0	0	0	0	0	0	2851	0.000	0.000	0.000	-6439625	-7614000	56601165	71.7	55.2
13	JPQ	16800	7.240	17575	3663	11213	4.658	2693	3556	6787	6787	3572	744	0	0.674	1.000	0.000	29311547	71877802	44721079	71.2	68.0
13	VAP	0	0.000	0	3074	0	4.658	0	0	0	0	0	0	3074	0.000	0.000	0.000	-6610437	-4512000	42937648	72.3	55.3
13	CONSV	18400	6.970	18400	0	11580	4.658	2885	6321	9614	5649	3143	2596	0	0.724	1.000	0.023	28305217	83864205	35556384	69.8	67.9
14	BAL	19200	6.750	16225	3314	11683	3.957	2445	11567	6066	3698	4231	0	0	0.551	1.000	0.060	20122640	86140833	19417512	67.1	66.5
14	MASS	0	0.000	0	2851	0	3.957	0	0	0	0	0	0	2851	0.000	0.000	0.000	-6356625	-11255000	56601165	71.7	55.2
14	JPQ	20000	6.760	19958	3704	14472	3.957	2563	5980	10155	6779	2686	407	0	0.772	1.000	0.053	27928252	80554204	43721079	70.9	69.0
14	VAP	0	0.000	0	3074	0	3.957	0	0	0	0	0	0	3074	0.000	0.000	0.000	-6346437	-8760000	42937648	72.3	55.3
14	CONSV	21600	6.540	21600	0	14727	3.957	2873	6102	13509	5921	3385	3810	0	0.897	1.000	0.023	26617155	68541187	11823349	69.8	69.0
15	BAL	20352	6.270	16979	6687	9471	3.537	2565	11686	8360	4989	3630	0	0	0.667	1.000	0.064	16888191	94826216	7500000	67.4	67.7
15	MASS	0	0.000	0	2851	0	3.537	0	0	0	0	0	0	2851	0.000	0.000	0.000	-6315625	-14855000	56601165	71.7	55.2
15	JPQ	20000	6.280	19631	4073	13099	3.537	2613	7501	8208	6783	4233	0	0	0.756	1.000	0.023	25279949	60089664	5000000	70.7	70.0
15	VAP	0	0.000	0	3074	0	3.537	0	0	0	0	0	0	3074	0.000	0.000	0.000	-6214437	-12876000	42937648	72.3	55.3
15	CONSV	21880	6.070	21880	0	15004	3.537	2933	5854	13571	6233	3393	5127	0	0.912	1.000	0.012	23295828	72785911	2000000	69.8	69.9
16	BAL	20352	6.490	19068	7971	9283	3.837	3003	10003	9482	5584	4002	0	0	0.747	1.000	0.028	27793382	104579211	6000000	67.9	68.8
16	MASS	0	0.000	0	2851	0	3.837	0	0	0	0	0	0	2851	0.000	0.000	0.000	-6315625	-18455000	56601165	71.7	55.2
16	JPQ	20280	6.490	20864	3489	12504	3.837	3206	7366	9853	6880	4131	0	0	0.821	1.000	0.025	28868540	72365706	4000000	70.6	70.9
16	VAP	0	0.000	0	3074	0	3.837	0	0	0	0	0	0	3074	0.000	0.000	0.000	-6148437	-16926000	42937648	72.3	55.3
16	CONSV	21880	6.270	21880	0	14885	3.837	3463	6112	13573	6235	3300	6355	0	0.908	0.999	0.005	28187306	81017038	1600000	69.9	70.9
17	BAL	18744	5.150	19592	7123	10106	3.159	3078	8116	10075	5888	4208	579	0	0.790	1.000	0.013	13245290	126353244	4500000	68.5	69.9
17	MASS	0	0.000	0	2851	0	3.159	0	0	0	0	0	0	2851	0.000	0.000	0.000	-6315625	-22055000	56601165	71.7	55.2
17	JPQ	20675	5.100	22602	1563	16152	3.159	3206	6829	13554	7080	4240	2272	0	0.978	1.000	0.024	11199439	89849452	3000000	70.5	71.7
17	VAP	0	0.000	0	3074	0	3.159	0	0	0	0	0	0	3074	0.000	0.000	0.000	-6148437	-20976000	42937648	72.3	55.3
17	CONSV	24496	5.000	24496	0	17226	3.159	3508	6396	16359	6016	3060	7293	0	1.000	0.970	0.015	5966033	101973689	1200000	70.0	71.7
18	BAL	19507	4.500	19101	7529	11049	2.549	3078	7155	10211	5956	4023	1668	0	0.791	1.000	0.013	3041273	147341393	3000000	69.0	71.0
18	MASS	0	0.000	0	2851	0	2.549	0	0	0	0	0	0	2851	0.000	0.000	0.000	-6315625	-25655000	56601165	71.7	55.2
18	JPQ	20947	4.460	21906	603	15753	2.549	3251	6442	13572	7083	3743	4763	0	0.959	1.000	0.007	1723580	99630944	2000000	70.5	72.5
18	VAP	0	0.000	0	3074	0	2.549	0	0	0	0	0	0	3074	0.000	0.000	0.000	-6148437	-25026000	42937648	72.3	55.3
18	CONSV	23993	4.390	23993	0	16999	2.549	3493	6439	16399	5758	3289	8747	0	1.000	0.975	0.009	-249864	121855410	800000	70.0	72.5
19	BAL	18811	4.110	22791	3549	13780	2.250	3078	6550	13612	5958	2985	1433	0	0.884	1.000	0.000	4894763	144831533	1500000	69.5	72.0
19	MASS	0	0.000	0	2851	0	2.250	0	0	0	0	0	0	2851	0.000	0.000	0.000	-6315625	-29255000	56601165	71.7	55.2
19	JPQ	18436	4.200	19039	0	13198	2.250	3764	6526	11427	7084	3396	7630	0	0.861	1.000	0.000	189713	112375562	1000000	70.6	73.3
19	VAP	0	0.000	0	3074	0	2.250	0	0	0	0	0	0	3074	0.000	0.000	0.000	-6148437	-29076000	42937648	72.3	55.3
19	CONSV	18825	4.100	18825	0	9590	2.250	3848	6378	11671	4346	2533	8473	0	0.729	1.000	0.000	-4298260	150804077	400000	70.1	73.3
20	BAL	17448	4.080	20997	0	14498	2.250	3078	6208	13614	5956	3436	3442	0	0.901	1.000	0.017	4377725	137907322	0	69.9	72.9
20	MASS	0	0.000	0	2851	0	2.250	0	0	0	0	0	0	2851	0.000	0.000	0.000	-6315625	-32855000	56601165	71.7	55.2
20	JPQ	17522	4.020	17522	0	7923	2.250	3689	6351	8956	5042	2854	6961	0	0.662	1.000	0.000	-4778558	123973939	0	70.6	74.0
20	VAP	0	0.000	0	3074	0	2.250	0	0	0	0	0	0	3074	0.000	0.000	0.000	-6148437	-33126000	42937648	72.3	55.3
20	CONSV	17522	3.870	17522	0	6095	2.250	3848	6428	10011	2944	2017	5923	0	0.588	1.000	0.000	-6044998	167651621	0	70.1	74.0
21	BAL	17009	4.910	17009	0	9994	3.303	3400	3922	12090	5439	3256	7217	0	0.814	1.000	0.000	12666122	136240565	0	70.3	73.8
21	MASS	0	0.000	0	2851	0	3.303	0	0	0	0	0	0	2851	0.000	0.000	0.000	-6315625	-36455000	56601165	71.7	55.2
21	JPQ	17009	4.820	17009	0	6600	3.303	3312	6091	8502	4556	2191	5201	0	0.599	1.000	0.000	10006224	126005058	0	70.6	74.7
21	VAP	0	0.000	0	3074	0	3.303	0	0	0	0	0	0	3074	0.000	0.000	0.000	-6148437	-37176000	42937648	72.3	55.3
21	CONSV	11906	4.750	11906	0	2067	3.303	2805	5597	6460	3126	1230	4832	0	0.425	1.000	0.000	5189206	188707178	0	70.1	74.7
22	BAL	18183	5.980	18183	0	10185	3.604	3470	7430	7871	4248	3140	4294	0	0.468	1.000	0.031	24906760	127270973	0	70.5	74.6
22	MASS	0	0.000	0	2851	0	3.604	0	0	0	0	0	0	2851	0.000	0.000	0.000	-6315625	-40055000	56601165	71.7	55.2
22	JPQ	12728	5.870	12728	0	4084	3.604	2548	5311	7515	3217	1780	4984	0	0.492	1.000	0.000	16050320	148491289	0	70.6	75.3
22	VAP	0	0.000	0	3074	0	3.604	0	0	0	0	0	0	3074	0.000	0.000	0.000	-6148437	-41226000	42937648	72.3	55.3
22	CONSV	12728	5.680	12728	0	3274	3.604	2264	4956	6681	2413	1509	2707	0	0.433	1.000	0.000	13453251	193750186	0	70.2	71.7
23	BAL	24207	6.950	22796	1411	16365	4.058	3132	10185	13578	3485	4743	3303	0	0.574	1.000	0.030	44919922	106416981	0	70.8	75.3
23	MASS	0	0.000	0	2851	0	4.058	0	0	0	0	0	0	2851	0.000	0.000	0.000	-6315625	-43655000	56601165	71.7	55.2
23	JPQ	26735	6.780	24739	1995	18033	4.058	2306	10853	10759	5939	3057	0	0	0.780	1.000	0.114	47279639	92354230	0	69.5	75.8
23	VAP	0	0.000	0	3074	0	4.058	0	0	0	0	0	0	3074	0.000	0.000	0.000	-6148437	-45276000	42937648	72.3	55.3
23	CONSV	25360	6.630	20219	5141	18719	4.058	1635	11258	15825	0	3169	1482	0	0.734	1.000	0.182	34418783	137935126	0	70.2	71.8
24	BAL	28105	7.680	29516	0	23904	4.584	2671	13424	13546	10210	4685	2228	0	0.648	0.935	0.048	68328669	72918245	0	71.3	76.1
24	MASS	0	0.000	0	2851	0	4.584	0	0	0	0	0	0	2851	0.000	0.000	0.000	-6315625	-47255000	56601165	71.7	55.2
24	JPQ	27160	7.450	24873	4282	15182	4.584	1892	8015	14592	6406	3875	0	0	0.979	1.000	0.047	51943111	116207339	0	69.5	76.3
24	VAP	0	0.000	0	3074	0	4.584	0	0	0	0	0	0	3074	0.000	0.000	0.000	-6148437	-49326000	42937648	72.3	55.3
24	CONSV	25360	7.290	22297	8203	15015	4.584	1707	12198	11936	6181	2699	0	0	0.799	0.984	0.063	45731358	130034728	0	70.2	72.6
25	BAL	32432	9.220	32432	0	26974	6.139	3776	15777	17224	9294	6828	3141	0	0.756	1.000	0.064	100399893	86988902	56993740	71.3	76.7
25	MASS	0	0.000	0	2851	0	6.139	0	0	0	0	0	0	2851	0.000	0.000	0.000	-6315625	-50855000	56601165	71.7	55.2
25	JPQ	27160	8.940	25437	6005	16112	6.139	3805	7482	14985	6518	3934	0	0	1.000	0.965	0.021	64464378	119725045	0	69.6	76.9
25	VAP	0	0.000	0	3074	0	6.139	0	0	0	0	0	0	3074	0.000	0.000	0.000	-6148437	-53376000	42937648	72.3	55.3
25	CONSV	25360	8.750	25465	8099	14010	6.139	3848	9605	16062	6189	3214	0	0	0.977	0.954	0.027	63120012	125574514	0	70.4	73.4
26	BAL	36594	8.170	36594	0	29325	4.417	5073	14954	21644	10072	8118	6381	0	0.913	1.000	0.034	58763311	240241026	150029443	71.4	77.2
26	MASS	0	0.000	0	2851	0	4.417	0	0	0	0	0	0	2851	0.000	0.000	0.000	-6315625	-54455000	56601165	71.7	55.2
26	JPQ	27160	7.920	25445	7720	16368	4.417	3848	7247	14990	6520	3935	0	0	1.000	0.983	0.010	51870595	187999307	0	69.7	77.4
26	VAP	0	0.000	0	3074	0	4.417	0	0	0	0	0	0	3074	0.000	0.000	0.000	-6148437	-57426000	42937648	72.3	55.3
26	CONSV	25360	7.760	25524	7935	15306	4.417	3848	8309	16104	6200	3221	0	0	0.977	0.976	0.013	49157035	189588727	0	70.7	74.2
27	BAL	37675	8.820	37675	0	29402	5.192	6024	14278	22181	10721	8180	9789	0	0.930	0.983	0.015	111409526	263654543	150029443	71.6	77.8
27	MASS	0	0.000	0	2851	0	5.192	0	0	0	0	0	0	2851	0.000	0.000	0.000	-6315625	-58055000	56601165	71.7	55.2
27	JPQ	27188	8.560	25491	9417	16485	5.192	3848	7130	15017	6532	3942	0	0	1.000	0.983	0.010	61994919	228312963	0	69.9	77.9
27	VAP	0	0.000	0	3074	0	5.192	0	0	0	0	0	0	3074	0.000	0.000	0.000	-6148437	-61476000	42937648	72.3	55.3
27	CONSV	25360	8.380	25547	7747	15954	5.192	3848	7661	16118	6206	3224	0	0	0.977	0.988	0.006	61073154	231650651	0	71.1	75.0
28	BAL	38536	8.260	38536	0	29642	4.778	6413	14238	21758	11206	8111	12329	0	0.930	0.984	0.015	78906500	340352792	150029443	71.7	78.4
28	MASS	0	0.000	0	2851	0	4.778	0	0	0	0	0	0	2851	0.000	0.000	0.000	-6315625	-61655000	56601165	71.7	55.2
28	JPQ	27750	8.020	25529	11637	16544	4.778	3848	7071	15039	6542	3948	0	0	1.000	0.983	0.010	57299430	285022344	0	70.3	78.5
28	VAP	0	0.000	0	3074	0	4.778	0	0	0	0	0	0	3074	0.000	0.000	0.000	-6148437	-65526000	42937648	72.3	55.3
28	CONSV	25360	7.850	25535	7573	16278	4.778	3848	7337	16110	6202	3222	0	0	0.977	1.000	0.000	54109142	286506911	0	71.4	75.8
29	BAL	38768	8.810	38768	0	25664	5.830	6413	11687	20841	10953	7804	13159	0	0.896	1.000	0.000	106916703	335456689	93035703	71.8	78.9
29	MASS	0	0.000	0	2851	0	5.830	0	0	0	0	0	0	2851	0.000	0.000	0.000	-6315625	-65255000	56601165	71.7	55.2
29	JPQ	28313	8.530	25553	14397	16573	5.830	3848	7042	15053	6548	3951	0	0	0.977	0.983	0.010	54303934	320955474	0	70.8	79.1
29	VAP	0	0.000	0	3074	0	5.830	0	0	0	0	0	0	3074	0.000	0.000	0.000	-6148437	-69576000	42937648	72.3	55.3
29	CONSV	25360	8.350	25535	7398	16440	5.830	3848	7175	16110	6202	3222	0	0	0.977	1.000	0.000	54063536	321193128	0	71.7	76.5
30	BAL	27507	8.580	27507	0	15718	4.567	6413	10831	14676	7749	5592	13670	0	0.634	1.000	0.000	46272495	414963025	0	71.9	79.3
30	MASS	0	0.000	0	2851	0	4.567	0	0	0	0	0	0	2851	0.000	0.000	0.000	-6315625	-68855000	56601165	71.7	55.2
30	JPQ	27160	8.290	25553	16005	16588	4.567	3848	7027	15053	6548	3951	0	0	0.977	0.983	0.010	63086797	377472898	0	71.2	79.6
30	VAP	0	0.000	0	3074	0	4.567	0	0	0	0	0	0	3074	0.000	0.000	0.000	-6148437	-73626000	42937648	72.3	55.3
30	CONSV	25560	8.130	24944	8014	16521	4.567	3848	7094	15984	5564	3396	0	0	0.955	1.000	0.000	54233573	380414241	0	66.1	74.1
31	BAL	30149	7.710	30149	0	14671	4.089	6124	10565	13910	7054	5140	9625	0	0.591	1.000	0.000	53275183	505678375	0	72.0	79.8
31	MASS	0	0.000	0	2851	0	4.089	0	0	0	0	0	0	2851	0.000	0.000	0.000	-6315625	-72455000	56601165	71.7	55.2
31	JPQ	27160	7.520	25553	17612	16595	4.089	3848	7020	15053	6548	3951	0	0	0.977	0.983	0.010	64896934	443939443	0	71.6	80.1
31	VAP	0	0.000	0	3074	0	4.089	0	0	0	0	0	0	3074	0.000	0.000	0.000	-6148437	-77676000	42937648	72.3	55.3
31	CONSV	25560	7.380	25535	8040	16562	4.089	3848	7053	15984	6154	3397	0	0	0.955	1.000	0.000	57113065	440821344	0	66.9	75.0
32	BAL	29527	8.040	29527	0	18239	4.485	4228	9219	15372	7759	5706	8936	0	0.653	1.000	0.000	72458427	568260173	0	72.1	80.2
32	MASS	0	0.000	0	2851	0	4.485	0	0	0	0	0	0	2851	0.000	0.000	0.000	-6315625	-76055000	56601165	71.7	55.2
32	JPQ	27160	7.760	25553	19220	16599	4.485	3848	7016	15053	6548	3951	0	0	0.977	0.983	0.010	52973055	496853203	0	72.0	80.6
32	VAP	0	0.000	0	3074	0	4.485	0	0	0	0	0	0	3074	0.000	0.000	0.000	-6148437	-81726000	42937648	72.3	55.3
32	CONSV	25560	7.610	25535	8065	16582	4.485	3848	7033	15984	6154	3397	0	0	0.955	1.000	0.000	53615304	485421755	0	67.5	75.7

## I. 局面別 会社別サマリー
局面	company	営業利益計	成約量計	生産量計	国内買付計	輸入到着計	国内比率	平均設備稼働率	期末現金	期末受注残
T1-4 序盤成長	BAL	-4,061,559	51,896	58,676	39,294	4,880	89.0%	0.578	16,717,201	0
T1-4 序盤成長	MASS	-24,554,899	59,772	48,117	26,795	5,529	82.9%	0.473	24,634,591	15,254
T1-4 序盤成長	JPQ	-848,940	53,651	53,811	35,525	5,238	87.1%	0.533	15,254,427	2,289
T1-4 序盤成長	VAP	-15,627,602	43,486	39,238	23,648	4,661	83.5%	0.385	10,113,666	5,898
T1-4 序盤成長	CONSV	1,287,629	55,194	55,561	37,523	4,748	88.8%	0.546	19,518,494	1,486
T7-9 原料ショック	BAL	73,693,996	47,578	44,326	25,197	6,076	80.6%	0.589	46,568,805	1,272
T7-9 原料ショック	MASS	-29,797,226	0	7,049	0	7,110	0.0%	0.092	0	4,284
T7-9 原料ショック	JPQ	33,149,197	44,044	38,165	18,974	7,788	70.9%	0.500	54,756,940	9,433
T7-9 原料ショック	VAP	-31,171,665	0	11,518	2,376	7,581	23.9%	0.152	0	6,964
T7-9 原料ショック	CONSV	73,484,573	48,120	45,951	22,484	8,132	73.4%	0.611	59,003,150	866
T8-12 再建・消費ブーム	BAL	137,997,467	74,403	78,248	46,949	11,898	79.8%	0.625	83,851,506	0
T8-12 再建・消費ブーム	MASS	-41,255,923	0	5,871	0	5,921	0.0%	0.046	-3,890,000	2,851
T8-12 再建・消費ブーム	JPQ	143,846,375	71,857	76,538	45,243	13,466	77.1%	0.601	83,571,977	4,437
T8-12 再建・消費ブーム	VAP	-43,613,270	0	10,575	0	8,939	0.0%	0.083	0	3,074
T8-12 再建・消費ブーム	CONSV	166,358,234	87,877	86,828	54,764	14,079	79.5%	0.689	104,962,467	0
T13-16 global調達転換	BAL	93,409,044	77,222	65,944	39,397	10,578	78.8%	0.648	104,579,211	7,971
T13-16 global調達転換	MASS	-25,427,500	0	0	0	0	-	0.000	-18,455,000	2,851
T13-16 global調達転換	JPQ	111,388,288	77,080	76,856	51,289	11,076	82.2%	0.756	72,365,706	3,489
T13-16 global調達転換	VAP	-25,319,750	0	0	0	0	-	0.000	-16,926,000	3,074
T13-16 global調達転換	CONSV	106,405,507	83,760	87,525	56,196	12,154	82.2%	0.860	81,017,038	0
T17-20 世界需要ショック	BAL	25,559,051	74,510	85,923	49,433	12,312	80.1%	0.842	137,907,322	0
T17-20 世界需要ショック	MASS	-25,262,500	0	0	0	0	-	0.000	-32,855,000	2,851
T17-20 世界需要ショック	JPQ	8,334,174	77,580	88,030	53,026	13,910	79.2%	0.865	123,973,939	0
T17-20 世界需要ショック	VAP	-24,593,750	0	0	0	0	-	0.000	-33,126,000	3,074
T17-20 世界需要ショック	CONSV	-4,627,089	84,835	84,404	49,911	14,696	77.3%	0.829	167,651,621	0
T22-24 再開ブーム	BAL	138,155,351	70,494	65,505	50,455	9,273	84.5%	0.563	72,918,245	0
T22-24 再開ブーム	MASS	-18,946,875	0	0	0	0	-	0.000	-47,255,000	2,851
T22-24 再開ブーム	JPQ	115,273,070	66,623	57,139	37,299	6,746	84.7%	0.750	116,207,339	4,282
T22-24 再開ブーム	VAP	-18,445,312	0	0	0	0	-	0.000	-49,326,000	3,074
T22-24 再開ブーム	CONSV	93,603,392	63,448	50,412	37,008	5,606	86.8%	0.655	130,034,728	8,203
T25-32 拡大・中国高付加価値化	BAL	628,402,038	271,188	277,896	189,635	44,462	81.0%	0.788	568,260,173	0
T25-32 拡大・中国高付加価値化	MASS	-50,525,000	0	0	0	0	-	0.000	-76,055,000	2,851
T25-32 拡大・中国高付加価値化	JPQ	470,890,042	219,050	204,112	131,863	30,738	81.1%	0.989	496,853,203	19,220
T25-32 拡大・中国高付加価値化	VAP	-49,187,500	0	0	0	0	-	0.000	-81,726,000	3,074
T25-32 拡大・中国高付加価値化	CONSV	446,484,821	203,480	203,618	127,654	30,780	80.6%	0.969	485,421,755	8,065
